19,5
19,3
19,2
19,1
19,0
18,5
18,4
18,3
18,2
18,1
18,0
14,6
14,5
14,4
14,3
14,2
14,1
14,0
13,3
13,2
13,1
13,0
12,3
12,2
12,1
12,0
10,3
10,2
10,1
10,0
8,3
8,2
8,1
8,0
7,3
1,45
3,44
2,44
1,44
3,43
2,43
1,43
3,42
2,42
1,42
3,41
2,41
1,41
3,40
2,40
1,40
3,39
2,39
1,39
3,38
2,38
1,38
3,37
2,37
1,37
3,36
2,36
1,36
3,35
2,30
2,29
3,28
2,28
1,28
3,27
3,26
2,26
3,25
2,25
3,23
3,22
3,20
1,20
2,19
2,18
2,17
2,16
1,12
2,5
1,5
3,4
2,4
1,4
3,3
2,3
1,3
0,6
0,0
0,49
32,3
32,2
32,1
31,5
31,3
31,2
31,1
30,5
30,4
30,3
30,2
30,1
26,6
26,5
26,4
26,3
26,2
26,1
25,3
25,2
25,1
24,3
24,2
24,1
20,3
20,2
20,1
5,3
4,3
3,34
3,33
3,32
3,31
3,30
3,29
3,24
3,21
3,19
3,18
3,17
3,16
3,15
3,14
3,13
3,12
3,11
3,10
3,9
3,8
3,7
3,6
3,5
3,2
3,0
2,35
2,34
2,33
2,32
2,31
2,27
2,24
2,23
2,22
2,21
2,20
2,15
2,14
2,13
2,12
2,11
2,10
2,9
2,8
2,7
2,6
2,2
2,0
1,35
1,34
1,33
1,32
1,31
1,30
1,29
1,27
1,26
1,25
1,24
1,23
1,22
1,21
1,19
1,18
1,17
1,16
1,15
1,14
1,13
1,11
1,10
1,9
1,8
1,7
1,6
1,2
1,0
0,48
0,47
0,46
0,45
0,12
0,11
0,10
0,9
0,8
0,5
0,7
0,4
0,3
32,0
31,0
30,0
26,0
25,0
24,0
20,0
